100488546699101110000121802210208                                               
248854669910111000012000000000040008000801                                      
5000000041529118022148854669910111000012                                        
60010010000067686043301601000136035805490687000000BUF01180039       000067686   
60010020000084480022000020072401038600513695013075BUF02180008       000084480   
60010030000029484222381549000363598600001781013121BUF02180026       000029484   
60010040000070146022305770440401047800003050000000                  000070146   
60010050000588550022000046986536010200032329000000BUF11172017       000588550   
60010060000137587043301601000143444111583608000000BUF01180076       000137587   
700100004152911802210060000977933                                               
8001000041529118022100060000977933                                              
9000012                                                                         
